Position 1 (Reference Sequence /srv/www/htdocs/ishi/covar/download/exec/prot-rna/example/RNAal)	Position 2 (Reference Sequence /srv/www/htdocs/ishi/covar/download/exec/prot-rna/example/ProtAl2)	Co-Var score	Z-score
186	235	0.118	-1.74797
186	239	0.118	-1.74797
215	15	0.122	-1.73963
130	15	0.133	-1.71671
186	15	0.133	-1.71671
187	15	0.133	-1.71671
209	235	0.133	-1.71671
209	239	0.133	-1.71671
77	15	0.133	-1.71671
65	15	0.137	-1.70838
115	235	0.138	-1.70630
115	239	0.138	-1.70630
215	235	0.152	-1.67713
215	239	0.152	-1.67713
149	235	0.154	-1.67296
149	239	0.154	-1.67296
173	15	0.155	-1.67088
115	15	0.164	-1.65212
173	235	0.164	-1.65212
173	239	0.164	-1.65212
77	235	0.164	-1.65212
77	239	0.164	-1.65212
65	235	0.166	-1.64796
65	239	0.166	-1.64796
186	202	0.168	-1.64379
209	15	0.171	-1.63754
156	235	0.173	-1.63337
156	239	0.173	-1.63337
219	235	0.173	-1.63337
219	239	0.173	-1.63337
162	235	0.174	-1.63129
162	239	0.174	-1.63129
207	235	0.174	-1.63129
207	239	0.174	-1.63129
212	235	0.174	-1.63129
212	239	0.174	-1.63129
242	15	0.175	-1.62920
123	235	0.186	-1.60629
123	239	0.186	-1.60629
134	15	0.186	-1.60629
239	235	0.186	-1.60629
239	239	0.186	-1.60629
242	235	0.186	-1.60629
242	239	0.186	-1.60629
186	237	0.187	-1.60420
134	235	0.191	-1.59587
134	239	0.191	-1.59587
157	15	0.191	-1.59587
157	235	0.191	-1.59587
157	239	0.191	-1.59587
243	15	0.191	-1.59587
171	235	0.192	-1.59378
171	239	0.192	-1.59378
184	235	0.192	-1.59378
184	239	0.192	-1.59378
189	235	0.192	-1.59378
189	239	0.192	-1.59378
206	235	0.192	-1.59378
206	239	0.192	-1.59378
63	235	0.192	-1.59378
63	239	0.192	-1.59378
77	202	0.192	-1.59378
204	235	0.201	-1.57503
204	239	0.201	-1.57503
77	237	0.202	-1.57295
135	235	0.204	-1.56878
135	239	0.204	-1.56878
136	235	0.204	-1.56878
136	239	0.204	-1.56878
209	202	0.206	-1.56461
240	235	0.206	-1.56461
240	239	0.206	-1.56461
133	235	0.207	-1.56253
133	239	0.207	-1.56253
134	202	0.209	-1.55836
170	235	0.209	-1.55836
170	239	0.209	-1.55836
115	202	0.211	-1.55420
215	237	0.211	-1.55420
158	235	0.212	-1.55211
158	239	0.212	-1.55211
210	15	0.214	-1.54795
156	15	0.215	-1.54586
157	202	0.215	-1.54586
219	15	0.215	-1.54586
243	237	0.215	-1.54586
130	235	0.219	-1.53753
130	239	0.219	-1.53753
155	235	0.219	-1.53753
155	239	0.219	-1.53753
183	235	0.219	-1.53753
183	239	0.219	-1.53753
115	237	0.225	-1.52503
159	235	0.225	-1.52503
159	239	0.225	-1.52503
167	235	0.225	-1.52503
167	239	0.225	-1.52503
175	235	0.225	-1.52503
175	239	0.225	-1.52503
209	237	0.225	-1.52503
213	235	0.225	-1.52503
213	239	0.225	-1.52503
222	235	0.225	-1.52503
222	239	0.225	-1.52503
223	235	0.225	-1.52503
223	239	0.225	-1.52503
138	235	0.229	-1.51669
138	239	0.229	-1.51669
205	235	0.229	-1.51669
205	239	0.229	-1.51669
65	237	0.230	-1.51461
173	237	0.232	-1.51044
128	235	0.233	-1.50836
128	239	0.233	-1.50836
133	15	0.233	-1.50836
149	15	0.233	-1.50836
162	15	0.235	-1.50419
204	15	0.235	-1.50419
219	202	0.235	-1.50419
173	202	0.237	-1.50002
174	235	0.237	-1.50002
174	239	0.237	-1.50002
184	237	0.237	-1.50002
117	235	0.238	-1.49794
117	239	0.238	-1.49794
125	235	0.238	-1.49794
125	239	0.238	-1.49794
137	235	0.238	-1.49794
137	239	0.238	-1.49794
155	15	0.238	-1.49794
158	15	0.238	-1.49794
160	235	0.238	-1.49794
160	239	0.238	-1.49794
183	15	0.238	-1.49794
184	15	0.238	-1.49794
187	235	0.238	-1.49794
187	239	0.238	-1.49794
191	235	0.238	-1.49794
191	239	0.238	-1.49794
211	235	0.238	-1.49794
211	239	0.238	-1.49794
216	235	0.238	-1.49794
216	239	0.238	-1.49794
217	235	0.238	-1.49794
217	239	0.238	-1.49794
244	235	0.238	-1.49794
244	239	0.238	-1.49794
64	235	0.238	-1.49794
64	239	0.238	-1.49794
78	235	0.238	-1.49794
78	239	0.238	-1.49794
151	235	0.240	-1.49377
151	239	0.240	-1.49377
201	235	0.240	-1.49377
201	239	0.240	-1.49377
241	235	0.240	-1.49377
241	239	0.240	-1.49377
61	235	0.240	-1.49377
61	239	0.240	-1.49377
162	237	0.242	-1.48961
158	237	0.245	-1.48336
187	237	0.245	-1.48336
210	237	0.245	-1.48336
65	202	0.247	-1.47919
204	237	0.249	-1.47502
155	237	0.252	-1.46877
183	237	0.252	-1.46877
215	202	0.255	-1.46252
117	15	0.256	-1.46044
117	237	0.256	-1.46044
149	202	0.256	-1.46044
171	15	0.256	-1.46044
171	237	0.256	-1.46044
189	15	0.256	-1.46044
189	237	0.256	-1.46044
191	15	0.256	-1.46044
244	15	0.256	-1.46044
78	15	0.256	-1.46044
112	235	0.258	-1.45627
112	239	0.258	-1.45627
113	235	0.258	-1.45627
113	239	0.258	-1.45627
116	235	0.258	-1.45627
116	239	0.258	-1.45627
165	15	0.258	-1.45627
165	235	0.258	-1.45627
165	237	0.258	-1.45627
165	239	0.258	-1.45627
168	15	0.258	-1.45627
168	235	0.258	-1.45627
168	237	0.258	-1.45627
168	239	0.258	-1.45627
172	235	0.258	-1.45627
172	239	0.258	-1.45627
198	15	0.258	-1.45627
198	235	0.258	-1.45627
198	239	0.258	-1.45627
238	235	0.258	-1.45627
238	239	0.258	-1.45627
255	235	0.258	-1.45627
255	239	0.258	-1.45627
123	15	0.260	-1.45210
212	15	0.260	-1.45210
239	15	0.260	-1.45210
187	202	0.264	-1.44377
191	237	0.264	-1.44377
244	237	0.264	-1.44377
78	237	0.264	-1.44377
198	237	0.266	-1.43960
220	202	0.266	-1.43960
123	237	0.267	-1.43752
212	237	0.267	-1.43752
239	237	0.267	-1.43752
207	15	0.268	-1.43543
125	15	0.271	-1.42918
125	237	0.271	-1.42918
135	15	0.271	-1.42918
135	237	0.271	-1.42918
136	15	0.271	-1.42918
136	237	0.271	-1.42918
184	202	0.271	-1.42918
211	15	0.271	-1.42918
211	237	0.271	-1.42918
134	237	0.273	-1.42502
130	237	0.275	-1.42085
113	15	0.276	-1.41877
113	237	0.276	-1.41877
116	15	0.276	-1.41877
116	237	0.276	-1.41877
240	15	0.276	-1.41877
126	15	0.277	-1.41668
126	235	0.277	-1.41668
126	239	0.277	-1.41668
127	15	0.277	-1.41668
127	235	0.277	-1.41668
127	239	0.277	-1.41668
131	15	0.277	-1.41668
131	235	0.277	-1.41668
131	239	0.277	-1.41668
159	15	0.277	-1.41668
174	15	0.277	-1.41668
175	15	0.277	-1.41668
185	15	0.277	-1.41668
185	235	0.277	-1.41668
185	239	0.277	-1.41668
188	15	0.277	-1.41668
188	235	0.277	-1.41668
188	239	0.277	-1.41668
202	15	0.277	-1.41668
202	235	0.277	-1.41668
202	239	0.277	-1.41668
220	15	0.277	-1.41668
224	15	0.277	-1.41668
224	235	0.277	-1.41668
224	239	0.277	-1.41668
73	235	0.277	-1.41668
73	239	0.277	-1.41668
126	237	0.278	-1.41460
127	237	0.278	-1.41460
131	237	0.278	-1.41460
133	237	0.278	-1.41460
185	237	0.278	-1.41460
188	237	0.278	-1.41460
202	237	0.278	-1.41460
224	237	0.278	-1.41460
242	237	0.278	-1.41460
206	15	0.281	-1.40835
216	15	0.281	-1.40835
217	15	0.281	-1.40835
63	15	0.281	-1.40835
207	237	0.282	-1.40626
158	192	0.283	-1.40418
158	280	0.283	-1.40418
162	202	0.287	-1.39585
117	202	0.289	-1.39168
158	202	0.289	-1.39168
171	202	0.289	-1.39168
189	202	0.289	-1.39168
206	237	0.289	-1.39168
216	237	0.289	-1.39168
217	237	0.289	-1.39168
63	237	0.289	-1.39168
128	15	0.290	-1.38960
137	15	0.290	-1.38960
156	237	0.290	-1.38960
160	15	0.290	-1.38960
210	235	0.290	-1.38960
210	239	0.290	-1.38960
64	15	0.290	-1.38960
165	202	0.291	-1.38751
168	202	0.291	-1.38751
170	15	0.291	-1.38751
133	202	0.293	-1.38335
155	192	0.294	-1.38126
155	280	0.294	-1.38126
167	15	0.294	-1.38126
183	192	0.294	-1.38126
183	280	0.294	-1.38126
204	192	0.294	-1.38126
204	280	0.294	-1.38126
213	15	0.294	-1.38126
220	235	0.294	-1.38126
220	239	0.294	-1.38126
222	15	0.294	-1.38126
223	15	0.294	-1.38126
73	15	0.294	-1.38126
156	202	0.295	-1.37918
240	237	0.295	-1.37918
118	15	0.296	-1.37709
118	235	0.296	-1.37709
118	239	0.296	-1.37709
124	235	0.296	-1.37709
124	239	0.296	-1.37709
129	15	0.296	-1.37709
129	235	0.296	-1.37709
129	239	0.296	-1.37709
139	15	0.296	-1.37709
139	235	0.296	-1.37709
139	239	0.296	-1.37709
150	235	0.296	-1.37709
150	239	0.296	-1.37709
151	15	0.296	-1.37709
152	235	0.296	-1.37709
152	239	0.296	-1.37709
161	235	0.296	-1.37709
161	239	0.296	-1.37709
166	15	0.296	-1.37709
166	235	0.296	-1.37709
166	239	0.296	-1.37709
179	235	0.296	-1.37709
179	239	0.296	-1.37709
201	15	0.296	-1.37709
203	15	0.296	-1.37709
203	235	0.296	-1.37709
203	239	0.296	-1.37709
241	15	0.296	-1.37709
61	15	0.296	-1.37709
62	235	0.296	-1.37709
62	239	0.296	-1.37709
75	15	0.296	-1.37709
75	235	0.296	-1.37709
75	239	0.296	-1.37709
76	235	0.296	-1.37709
76	239	0.296	-1.37709
184	192	0.299	-1.37084
184	280	0.299	-1.37084
242	202	0.300	-1.36876
112	15	0.301	-1.36668
138	15	0.301	-1.36668
172	15	0.301	-1.36668
205	15	0.301	-1.36668
238	15	0.301	-1.36668
255	15	0.301	-1.36668
204	202	0.302	-1.36459
125	202	0.304	-1.36043
135	202	0.304	-1.36043
136	202	0.304	-1.36043
137	237	0.304	-1.36043
155	202	0.304	-1.36043
160	237	0.304	-1.36043
183	202	0.304	-1.36043
211	202	0.304	-1.36043
219	237	0.304	-1.36043
64	237	0.304	-1.36043
113	202	0.308	-1.35209
116	202	0.308	-1.35209
191	202	0.308	-1.35209
244	202	0.308	-1.35209
78	202	0.308	-1.35209
112	237	0.309	-1.35001
126	202	0.309	-1.35001
127	202	0.309	-1.35001
131	202	0.309	-1.35001
162	192	0.309	-1.35001
162	280	0.309	-1.35001
172	237	0.309	-1.35001
185	202	0.309	-1.35001
188	202	0.309	-1.35001
198	202	0.309	-1.35001
202	202	0.309	-1.35001
224	202	0.309	-1.35001
238	237	0.309	-1.35001
255	237	0.309	-1.35001
123	202	0.312	-1.34376
124	15	0.312	-1.34376
150	15	0.312	-1.34376
152	15	0.312	-1.34376
161	15	0.312	-1.34376
179	15	0.312	-1.34376
212	202	0.312	-1.34376
239	202	0.312	-1.34376
62	15	0.312	-1.34376
76	15	0.312	-1.34376
159	202	0.318	-1.33126
159	237	0.318	-1.33126
174	202	0.318	-1.33126
174	237	0.318	-1.33126
175	202	0.318	-1.33126
175	237	0.318	-1.33126
149	237	0.320	-1.32709
128	202	0.323	-1.32084
128	237	0.323	-1.32084
171	192	0.326	-1.31459
171	280	0.326	-1.31459
189	192	0.326	-1.31459
189	280	0.326	-1.31459
210	202	0.327	-1.31250
170	202	0.328	-1.31042
170	237	0.328	-1.31042
206	202	0.333	-1.30000
216	202	0.333	-1.30000
217	202	0.333	-1.30000
63	202	0.333	-1.30000
167	202	0.335	-1.29584
167	237	0.335	-1.29584
186	70	0.335	-1.29584
207	202	0.335	-1.29584
213	202	0.335	-1.29584
213	237	0.335	-1.29584
220	237	0.335	-1.29584
222	202	0.335	-1.29584
222	237	0.335	-1.29584
223	202	0.335	-1.29584
223	237	0.335	-1.29584
73	202	0.335	-1.29584
73	237	0.335	-1.29584
138	202	0.338	-1.28959
138	237	0.338	-1.28959
205	202	0.338	-1.28959
205	237	0.338	-1.28959
212	192	0.338	-1.28959
212	280	0.338	-1.28959
243	212	0.339	-1.28750
118	202	0.340	-1.28542
118	237	0.340	-1.28542
129	202	0.340	-1.28542
129	237	0.340	-1.28542
139	202	0.340	-1.28542
139	237	0.340	-1.28542
151	202	0.340	-1.28542
151	237	0.340	-1.28542
166	202	0.340	-1.28542
166	237	0.340	-1.28542
201	202	0.340	-1.28542
201	237	0.340	-1.28542
203	202	0.340	-1.28542
203	237	0.340	-1.28542
241	202	0.340	-1.28542
241	237	0.340	-1.28542
61	202	0.340	-1.28542
61	237	0.340	-1.28542
75	202	0.340	-1.28542
75	237	0.340	-1.28542
130	202	0.346	-1.27292
157	70	0.347	-1.27083
186	71	0.347	-1.27083
240	192	0.350	-1.26458
240	280	0.350	-1.26458
112	202	0.352	-1.26042
172	202	0.352	-1.26042
238	202	0.352	-1.26042
255	202	0.352	-1.26042
123	192	0.353	-1.25833
123	280	0.353	-1.25833
239	192	0.353	-1.25833
239	280	0.353	-1.25833
240	202	0.355	-1.25417
124	202	0.356	-1.25208
124	237	0.356	-1.25208
137	202	0.356	-1.25208
150	202	0.356	-1.25208
150	237	0.356	-1.25208
152	202	0.356	-1.25208
152	237	0.356	-1.25208
160	202	0.356	-1.25208
161	202	0.356	-1.25208
161	237	0.356	-1.25208
179	202	0.356	-1.25208
179	237	0.356	-1.25208
62	202	0.356	-1.25208
62	237	0.356	-1.25208
64	202	0.356	-1.25208
76	202	0.356	-1.25208
76	237	0.356	-1.25208
207	192	0.357	-1.25000
207	280	0.357	-1.25000
135	192	0.358	-1.24791
135	280	0.358	-1.24791
136	192	0.358	-1.24791
136	280	0.358	-1.24791
186	165	0.360	-1.24375
157	71	0.366	-1.23125
206	192	0.366	-1.23125
206	280	0.366	-1.23125
63	192	0.366	-1.23125
63	280	0.366	-1.23125
77	70	0.368	-1.22708
186	18	0.373	-1.21666
113	212	0.377	-1.20833
116	212	0.377	-1.20833
219	70	0.379	-1.20416
171	212	0.380	-1.20208
189	212	0.380	-1.20208
209	212	0.381	-1.19999
77	71	0.381	-1.19999
157	165	0.383	-1.19583
117	192	0.385	-1.19166
117	280	0.385	-1.19166
165	192	0.388	-1.18541
165	280	0.388	-1.18541
168	192	0.388	-1.18541
168	280	0.388	-1.18541
115	212	0.390	-1.18124
130	212	0.390	-1.18124
186	192	0.392	-1.17707
186	280	0.392	-1.17707
77	165	0.393	-1.17499
117	212	0.395	-1.17082
191	192	0.395	-1.17082
191	280	0.395	-1.17082
244	192	0.395	-1.17082
244	280	0.395	-1.17082
78	192	0.395	-1.17082
78	280	0.395	-1.17082
135	212	0.397	-1.16666
136	212	0.397	-1.16666
198	192	0.398	-1.16457
198	280	0.398	-1.16457
215	212	0.399	-1.16249
219	71	0.399	-1.16249
125	192	0.401	-1.15832
125	280	0.401	-1.15832
126	212	0.401	-1.15832
127	212	0.401	-1.15832
131	212	0.401	-1.15832
185	212	0.401	-1.15832
188	212	0.401	-1.15832
202	212	0.401	-1.15832
211	192	0.401	-1.15832
211	280	0.401	-1.15832
224	212	0.401	-1.15832
157	18	0.402	-1.15624
159	192	0.402	-1.15624
159	280	0.402	-1.15624
175	192	0.402	-1.15624
175	280	0.402	-1.15624
159	70	0.406	-1.14790
174	70	0.406	-1.14790
175	70	0.406	-1.14790
220	70	0.406	-1.14790
65	212	0.406	-1.14790
115	70	0.407	-1.14582
220	192	0.411	-1.13749
220	280	0.411	-1.13749
73	192	0.411	-1.13749
73	280	0.411	-1.13749
77	18	0.412	-1.13540
112	212	0.413	-1.13332
118	192	0.413	-1.13332
118	280	0.413	-1.13332
129	192	0.413	-1.13332
129	280	0.413	-1.13332
139	192	0.413	-1.13332
139	280	0.413	-1.13332
166	192	0.413	-1.13332
166	280	0.413	-1.13332
172	212	0.413	-1.13332
203	192	0.413	-1.13332
203	280	0.413	-1.13332
238	212	0.413	-1.13332
255	212	0.413	-1.13332
75	192	0.413	-1.13332
75	280	0.413	-1.13332
77	212	0.413	-1.13332
134	70	0.414	-1.13124
113	192	0.415	-1.12915
113	280	0.415	-1.12915
116	192	0.415	-1.12915
116	280	0.415	-1.12915
167	212	0.416	-1.12707
206	212	0.416	-1.12707
213	212	0.416	-1.12707
222	212	0.416	-1.12707
223	212	0.416	-1.12707
63	212	0.416	-1.12707
126	192	0.417	-1.12499
126	280	0.417	-1.12499
127	192	0.417	-1.12499
127	280	0.417	-1.12499
131	192	0.417	-1.12499
131	280	0.417	-1.12499
170	192	0.417	-1.12499
170	280	0.417	-1.12499
174	192	0.417	-1.12499
174	280	0.417	-1.12499
185	192	0.417	-1.12499
185	280	0.417	-1.12499
188	192	0.417	-1.12499
188	280	0.417	-1.12499
202	192	0.417	-1.12499
202	280	0.417	-1.12499
220	18	0.417	-1.12499
224	192	0.417	-1.12499
224	280	0.417	-1.12499
124	212	0.418	-1.12290
150	212	0.418	-1.12290
152	212	0.418	-1.12290
161	212	0.418	-1.12290
165	212	0.418	-1.12290
168	212	0.418	-1.12290
179	212	0.418	-1.12290
62	212	0.418	-1.12290
76	212	0.418	-1.12290
159	71	0.419	-1.12082
174	71	0.419	-1.12082
175	71	0.419	-1.12082
219	165	0.419	-1.12082
220	71	0.419	-1.12082
115	71	0.422	-1.11457
184	212	0.423	-1.11248
216	192	0.424	-1.11040
216	280	0.424	-1.11040
217	192	0.424	-1.11040
217	280	0.424	-1.11040
191	212	0.425	-1.10832
244	212	0.425	-1.10832
78	212	0.425	-1.10832
125	212	0.427	-1.10415
186	212	0.427	-1.10415
211	212	0.427	-1.10415
167	192	0.428	-1.10207
167	280	0.428	-1.10207
213	192	0.428	-1.10207
213	280	0.428	-1.10207
222	192	0.428	-1.10207
222	280	0.428	-1.10207
223	192	0.428	-1.10207
223	280	0.428	-1.10207
151	192	0.429	-1.09998
151	280	0.429	-1.09998
162	212	0.429	-1.09998
184	70	0.429	-1.09998
201	192	0.429	-1.09998
201	280	0.429	-1.09998
241	192	0.429	-1.09998
241	280	0.429	-1.09998
61	192	0.429	-1.09998
61	280	0.429	-1.09998
219	18	0.430	-1.09790
216	212	0.431	-1.09582
217	212	0.431	-1.09582
220	212	0.433	-1.09165
73	212	0.433	-1.09165
118	70	0.435	-1.08748
129	70	0.435	-1.08748
139	70	0.435	-1.08748
151	70	0.435	-1.08748
166	70	0.435	-1.08748
201	70	0.435	-1.08748
203	70	0.435	-1.08748
212	212	0.435	-1.08748
241	70	0.435	-1.08748
61	70	0.435	-1.08748
75	70	0.435	-1.08748
115	165	0.438	-1.08123
124	192	0.438	-1.08123
124	280	0.438	-1.08123
150	192	0.438	-1.08123
150	280	0.438	-1.08123
152	192	0.438	-1.08123
152	280	0.438	-1.08123
161	192	0.438	-1.08123
161	280	0.438	-1.08123
179	192	0.438	-1.08123
179	280	0.438	-1.08123
62	192	0.438	-1.08123
62	280	0.438	-1.08123
76	192	0.438	-1.08123
76	280	0.438	-1.08123
134	71	0.439	-1.07915
156	70	0.439	-1.07915
184	71	0.439	-1.07915
173	212	0.442	-1.07290
151	212	0.444	-1.06873
201	212	0.444	-1.06873
241	212	0.444	-1.06873
61	212	0.444	-1.06873
134	165	0.445	-1.06665
115	18	0.447	-1.06248
215	192	0.447	-1.06248
215	280	0.447	-1.06248
198	212	0.448	-1.06039
118	71	0.450	-1.05623
129	71	0.450	-1.05623
139	71	0.450	-1.05623
151	71	0.450	-1.05623
166	71	0.450	-1.05623
201	71	0.450	-1.05623
203	71	0.450	-1.05623
241	71	0.450	-1.05623
61	71	0.450	-1.05623
75	71	0.450	-1.05623
112	192	0.454	-1.04789
112	280	0.454	-1.04789
138	192	0.454	-1.04789
138	280	0.454	-1.04789
158	70	0.454	-1.04789
172	192	0.454	-1.04789
172	280	0.454	-1.04789
205	192	0.454	-1.04789
205	280	0.454	-1.04789
238	192	0.454	-1.04789
238	280	0.454	-1.04789
255	192	0.454	-1.04789
255	280	0.454	-1.04789
117	2	0.456	-1.04373
77	2	0.456	-1.04373
115	192	0.457	-1.04164
115	280	0.457	-1.04164
159	165	0.457	-1.04164
174	165	0.457	-1.04164
175	165	0.457	-1.04164
209	192	0.457	-1.04164
209	280	0.457	-1.04164
220	165	0.457	-1.04164
159	212	0.459	-1.03748
175	212	0.459	-1.03748
118	212	0.460	-1.03539
129	212	0.460	-1.03539
139	212	0.460	-1.03539
166	212	0.460	-1.03539
203	212	0.460	-1.03539
75	212	0.460	-1.03539
156	71	0.461	-1.03331
77	192	0.461	-1.03331
77	280	0.461	-1.03331
134	212	0.462	-1.03123
165	70	0.462	-1.03123
168	70	0.462	-1.03123
158	71	0.463	-1.02914
170	212	0.463	-1.02914
137	212	0.464	-1.02706
160	212	0.464	-1.02706
173	70	0.464	-1.02706
64	212	0.464	-1.02706
187	70	0.466	-1.02289
159	185	0.468	-1.01872
159	258	0.468	-1.01872
174	185	0.468	-1.01872
174	258	0.468	-1.01872
175	185	0.468	-1.01872
175	258	0.468	-1.01872
207	212	0.468	-1.01872
133	212	0.469	-1.01664
156	165	0.470	-1.01456
159	18	0.470	-1.01456
174	18	0.470	-1.01456
175	18	0.470	-1.01456
242	212	0.472	-1.01039
165	71	0.473	-1.00831
168	71	0.473	-1.00831
184	165	0.474	-1.00622
134	18	0.475	-1.00414
