Position 1 (Reference Sequence /srv/www/htdocs/ishi/covar/download/exec/prot-dna/example/DNAal)	Position 2 (Reference Sequence /srv/www/htdocs/ishi/covar/download/exec/prot-dna/example/ProtAl)	Co-Var score	Z-score
11	172	0.053	-1.16193
11	19	0.053	-1.16193
11	68	0.053	-1.16193
11	69	0.053	-1.16193
33	172	0.053	-1.16193
33	19	0.053	-1.16193
33	68	0.053	-1.16193
33	69	0.053	-1.16193
14	137	0.055	-1.15819
36	172	0.064	-1.14137
36	19	0.064	-1.14137
36	68	0.064	-1.14137
36	69	0.064	-1.14137
31	116	0.067	-1.13577
31	143	0.067	-1.13577
31	152	0.067	-1.13577
31	180	0.067	-1.13577
31	41	0.067	-1.13577
31	7	0.067	-1.13577
31	81	0.067	-1.13577
31	92	0.067	-1.13577
12	172	0.069	-1.13203
12	19	0.069	-1.13203
12	68	0.069	-1.13203
12	69	0.069	-1.13203
22	122	0.071	-1.12829
22	60	0.071	-1.12829
36	97	0.071	-1.12829
12	137	0.072	-1.12642
31	137	0.072	-1.12642
31	97	0.072	-1.12642
18	97	0.073	-1.12456
12	122	0.075	-1.12082
12	60	0.075	-1.12082
39	137	0.077	-1.11708
23	155	0.078	-1.11521
37	164	0.080	-1.11148
23	172	0.081	-1.10961
23	19	0.081	-1.10961
23	68	0.081	-1.10961
23	69	0.081	-1.10961
39	156	0.081	-1.10961
26	110	0.082	-1.10774
36	135	0.082	-1.10774
15	137	0.083	-1.10587
14	116	0.084	-1.10400
14	143	0.084	-1.10400
14	152	0.084	-1.10400
14	180	0.084	-1.10400
14	41	0.084	-1.10400
14	7	0.084	-1.10400
14	81	0.084	-1.10400
14	92	0.084	-1.10400
22	110	0.084	-1.10400
22	137	0.084	-1.10400
29	122	0.084	-1.10400
29	60	0.084	-1.10400
36	110	0.085	-1.10213
15	164	0.088	-1.09653
22	164	0.088	-1.09653
22	97	0.088	-1.09653
35	135	0.089	-1.09466
12	110	0.090	-1.09279
12	97	0.090	-1.09279
16	137	0.090	-1.09279
31	110	0.090	-1.09279
31	155	0.090	-1.09279
32	116	0.091	-1.09092
32	143	0.091	-1.09092
32	152	0.091	-1.09092
32	180	0.091	-1.09092
32	41	0.091	-1.09092
32	7	0.091	-1.09092
32	81	0.091	-1.09092
32	92	0.091	-1.09092
35	172	0.091	-1.09092
35	19	0.091	-1.09092
35	68	0.091	-1.09092
35	69	0.091	-1.09092
38	135	0.091	-1.09092
38	137	0.091	-1.09092
38	172	0.091	-1.09092
38	19	0.091	-1.09092
38	68	0.091	-1.09092
38	69	0.091	-1.09092
38	97	0.091	-1.09092
12	116	0.092	-1.08905
12	143	0.092	-1.08905
12	152	0.092	-1.08905
12	180	0.092	-1.08905
12	41	0.092	-1.08905
12	7	0.092	-1.08905
12	81	0.092	-1.08905
12	92	0.092	-1.08905
22	116	0.092	-1.08905
22	135	0.092	-1.08905
22	143	0.092	-1.08905
22	152	0.092	-1.08905
22	155	0.092	-1.08905
22	172	0.092	-1.08905
22	180	0.092	-1.08905
22	19	0.092	-1.08905
22	41	0.092	-1.08905
22	68	0.092	-1.08905
22	69	0.092	-1.08905
22	7	0.092	-1.08905
22	81	0.092	-1.08905
22	92	0.092	-1.08905
36	122	0.092	-1.08905
36	60	0.092	-1.08905
14	97	0.093	-1.08718
36	155	0.093	-1.08718
11	137	0.094	-1.08532
14	122	0.095	-1.08345
14	60	0.095	-1.08345
35	116	0.096	-1.08158
35	143	0.096	-1.08158
35	152	0.096	-1.08158
35	180	0.096	-1.08158
35	41	0.096	-1.08158
35	7	0.096	-1.08158
35	81	0.096	-1.08158
35	92	0.096	-1.08158
11	135	0.097	-1.07971
12	135	0.097	-1.07971
15	122	0.097	-1.07971
15	60	0.097	-1.07971
30	122	0.097	-1.07971
30	60	0.097	-1.07971
13	137	0.098	-1.07784
16	122	0.099	-1.07597
16	60	0.099	-1.07597
18	137	0.099	-1.07597
22	156	0.100	-1.07410
33	137	0.100	-1.07410
34	116	0.100	-1.07410
34	137	0.100	-1.07410
34	143	0.100	-1.07410
34	152	0.100	-1.07410
34	156	0.100	-1.07410
34	180	0.100	-1.07410
34	41	0.100	-1.07410
34	7	0.100	-1.07410
34	81	0.100	-1.07410
34	92	0.100	-1.07410
13	97	0.102	-1.07037
21	137	0.102	-1.07037
38	110	0.102	-1.07037
38	116	0.102	-1.07037
38	122	0.102	-1.07037
38	143	0.102	-1.07037
38	152	0.102	-1.07037
38	155	0.102	-1.07037
38	180	0.102	-1.07037
38	41	0.102	-1.07037
38	60	0.102	-1.07037
38	7	0.102	-1.07037
38	81	0.102	-1.07037
38	92	0.102	-1.07037
36	164	0.103	-1.06850
39	116	0.103	-1.06850
39	135	0.103	-1.06850
39	143	0.103	-1.06850
39	152	0.103	-1.06850
39	180	0.103	-1.06850
39	41	0.103	-1.06850
39	7	0.103	-1.06850
39	81	0.103	-1.06850
39	92	0.103	-1.06850
23	110	0.104	-1.06663
23	135	0.104	-1.06663
23	164	0.104	-1.06663
23	97	0.104	-1.06663
12	155	0.105	-1.06476
31	172	0.105	-1.06476
31	19	0.105	-1.06476
31	68	0.105	-1.06476
31	69	0.105	-1.06476
14	110	0.106	-1.06289
29	110	0.106	-1.06289
29	164	0.106	-1.06289
33	155	0.106	-1.06289
37	155	0.106	-1.06289
23	116	0.107	-1.06103
23	143	0.107	-1.06103
23	152	0.107	-1.06103
23	180	0.107	-1.06103
23	41	0.107	-1.06103
23	7	0.107	-1.06103
23	81	0.107	-1.06103
23	92	0.107	-1.06103
34	155	0.107	-1.06103
15	116	0.108	-1.05916
15	143	0.108	-1.05916
15	152	0.108	-1.05916
15	180	0.108	-1.05916
15	41	0.108	-1.05916
15	7	0.108	-1.05916
15	81	0.108	-1.05916
15	92	0.108	-1.05916
35	137	0.108	-1.05916
35	110	0.110	-1.05542
35	164	0.110	-1.05542
39	110	0.110	-1.05542
39	122	0.110	-1.05542
39	172	0.110	-1.05542
39	19	0.110	-1.05542
39	60	0.110	-1.05542
39	68	0.110	-1.05542
39	69	0.110	-1.05542
39	97	0.110	-1.05542
23	137	0.111	-1.05355
24	164	0.111	-1.05355
11	155	0.112	-1.05168
11	97	0.112	-1.05168
14	172	0.112	-1.05168
14	19	0.112	-1.05168
14	68	0.112	-1.05168
14	69	0.112	-1.05168
38	164	0.112	-1.05168
15	110	0.113	-1.04981
30	155	0.113	-1.04981
34	164	0.113	-1.04981
34	172	0.113	-1.04981
34	19	0.113	-1.04981
34	68	0.113	-1.04981
34	69	0.113	-1.04981
23	122	0.114	-1.04795
23	60	0.114	-1.04795
31	164	0.114	-1.04795
36	137	0.114	-1.04795
25	110	0.115	-1.04608
25	164	0.115	-1.04608
33	135	0.115	-1.04608
37	137	0.115	-1.04608
14	155	0.116	-1.04421
14	164	0.116	-1.04421
11	116	0.117	-1.04234
11	143	0.117	-1.04234
11	152	0.117	-1.04234
11	180	0.117	-1.04234
11	41	0.117	-1.04234
11	7	0.117	-1.04234
11	81	0.117	-1.04234
11	92	0.117	-1.04234
13	156	0.117	-1.04234
16	116	0.117	-1.04234
16	143	0.117	-1.04234
16	152	0.117	-1.04234
16	180	0.117	-1.04234
16	41	0.117	-1.04234
16	7	0.117	-1.04234
16	81	0.117	-1.04234
16	92	0.117	-1.04234
17	172	0.117	-1.04234
17	19	0.117	-1.04234
17	68	0.117	-1.04234
17	69	0.117	-1.04234
18	156	0.117	-1.04234
23	156	0.117	-1.04234
32	156	0.117	-1.04234
33	97	0.117	-1.04234
36	116	0.117	-1.04234
36	143	0.117	-1.04234
36	152	0.117	-1.04234
36	156	0.117	-1.04234
36	180	0.117	-1.04234
36	41	0.117	-1.04234
36	7	0.117	-1.04234
36	81	0.117	-1.04234
36	92	0.117	-1.04234
39	155	0.117	-1.04234
39	164	0.117	-1.04234
12	164	0.118	-1.04047
17	137	0.118	-1.04047
26	122	0.118	-1.04047
26	172	0.118	-1.04047
26	19	0.118	-1.04047
26	60	0.118	-1.04047
26	68	0.118	-1.04047
26	69	0.118	-1.04047
30	110	0.119	-1.03860
30	164	0.119	-1.03860
14	135	0.120	-1.03673
34	135	0.120	-1.03673
34	97	0.120	-1.03673
31	122	0.123	-1.03113
31	60	0.123	-1.03113
33	116	0.123	-1.03113
33	143	0.123	-1.03113
33	152	0.123	-1.03113
33	180	0.123	-1.03113
33	41	0.123	-1.03113
33	7	0.123	-1.03113
33	81	0.123	-1.03113
33	92	0.123	-1.03113
13	116	0.124	-1.02926
13	143	0.124	-1.02926
13	152	0.124	-1.02926
13	180	0.124	-1.02926
13	41	0.124	-1.02926
13	7	0.124	-1.02926
13	81	0.124	-1.02926
13	92	0.124	-1.02926
19	116	0.124	-1.02926
19	143	0.124	-1.02926
19	152	0.124	-1.02926
19	155	0.124	-1.02926
19	180	0.124	-1.02926
19	41	0.124	-1.02926
19	7	0.124	-1.02926
19	81	0.124	-1.02926
19	92	0.124	-1.02926
19	97	0.124	-1.02926
32	135	0.124	-1.02926
35	97	0.124	-1.02926
16	97	0.125	-1.02739
18	116	0.125	-1.02739
18	143	0.125	-1.02739
18	152	0.125	-1.02739
18	155	0.125	-1.02739
18	180	0.125	-1.02739
18	41	0.125	-1.02739
18	7	0.125	-1.02739
18	81	0.125	-1.02739
18	92	0.125	-1.02739
26	97	0.126	-1.02552
34	110	0.126	-1.02552
15	97	0.128	-1.02179
24	110	0.128	-1.02179
32	137	0.128	-1.02179
17	116	0.132	-1.01431
17	143	0.132	-1.01431
17	152	0.132	-1.01431
17	180	0.132	-1.01431
17	41	0.132	-1.01431
17	7	0.132	-1.01431
17	81	0.132	-1.01431
17	92	0.132	-1.01431
17	97	0.132	-1.01431
12	156	0.133	-1.01244
14	156	0.133	-1.01244
30	116	0.133	-1.01244
30	135	0.133	-1.01244
30	137	0.133	-1.01244
30	143	0.133	-1.01244
30	152	0.133	-1.01244
30	180	0.133	-1.01244
30	41	0.133	-1.01244
30	7	0.133	-1.01244
30	81	0.133	-1.01244
30	92	0.133	-1.01244
34	122	0.133	-1.01244
34	60	0.133	-1.01244
37	156	0.133	-1.01244
38	156	0.133	-1.01244
24	135	0.134	-1.01057
11	110	0.135	-1.00871
11	122	0.135	-1.00871
11	60	0.135	-1.00871
16	110	0.135	-1.00871
16	164	0.135	-1.00871
26	137	0.135	-1.00871
33	110	0.135	-1.00871
35	155	0.136	-1.00684
31	135	0.138	-1.00310
13	172	0.139	-1.00123
13	19	0.139	-1.00123
13	68	0.139	-1.00123
13	69	0.139	-1.00123
37	110	0.139	-1.00123
37	172	0.139	-1.00123
37	19	0.139	-1.00123
37	68	0.139	-1.00123
37	69	0.139	-1.00123
