Position 1 [interproteinB],Position 2 [interproteinA] (Reference structure)	Position 1 [interproteinB],Position 2 [interproteinA] (Reference sequence)	Minimum Distance Between Pairs	Co-Var Score	Z-Score
200,110	238,150	5.48	1.642	-1.05787
329,26	367,66	6.53	1.531	-1.22036
329,30	367,70	3.41	1.428	-1.37113
329,34	367,74	5.29	1.568	-1.16619
231,107	269,147	6.12	1.477	-1.29941
231,82	269,122	4.39	1.306	-1.54973
231,83	269,123	3.82	1.344	-1.49410
330,30	368,70	6.48	1.534	-1.21596
123,116	161,156	5.55	1.254	-1.62585
123,222	161,262	6.40	1.321	-1.52777
226,107	264,147	4.68	1.366	-1.46190
226,110	264,150	4.36	1.557	-1.18230
229,107	267,147	6.10	1.275	-1.59511
229,110	267,150	6.90	1.486	-1.28623
283,250	321,290	6.83	1.336	-1.50581
228,107	266,147	2.93	1.455	-1.33161
228,82	266,122	5.55	1.314	-1.53802
285,250	323,290	5.93	1.515	-1.24378
158,110	196,150	4.45	1.646	-1.05201
